# BRON: KONINKLIJK NEDERLANDS METEOROLOGISCH INSTITUUT (KNMI)
# Opmerking: door stationsverplaatsingen en veranderingen in waarneemmethodieken zijn deze tijdreeksen van dagwaarden mogelijk inhomogeen! Dat betekent dat deze reeks van gemeten waarden niet geschikt is voor trendanalyse. Voor studies naar klimaatverandering verwijzen we naar de gehomogeniseerde reeks maandtemperaturen van De Bilt <http://www.knmi.nl/kennis-en-datacentrum/achtergrond/gehomogeniseerde-reeks-maandtemperaturen-de-bilt> of de Centraal Nederland Temperatuur <http://www.knmi.nl/kennis-en-datacentrum/achtergrond/centraal-nederland-temperatuur-cnt>.
# 
# 
# STN      LON(east)   LAT(north)     ALT(m)  NAME
# 249:         4.979       52.644      -2.40  BERKHOUT
# 270:         5.752       53.224       1.20  LEEUWARDEN
# 344:         4.447       51.962      -4.30  ROTTERDAM
# 380:         5.762       50.906     114.30  MAASTRICHT
# 
# YYYYMMDD = Datum (YYYY=jaar MM=maand DD=dag); 
# TG       = Etmaalgemiddelde temperatuur (in 0.1 graden Celsius); 
# 
# STN,YYYYMMDD,   TG
# 
  249,20100101,  -31
  249,20100102,  -17
  249,20100103,  -92
  249,20100104,  -13
  249,20100105,    2
  249,20100106,  -25
  249,20100107,  -82
  249,20100108,  -74
  249,20100109,  -20
  249,20100110,   -2
  249,20100111,   -6
  249,20100112,  -21
  249,20100113,  -38
  249,20100114,   -3
  249,20100115,    6
  249,20100116,    7
  249,20100117,   22
  249,20100118,   33
  249,20100119,   28
  249,20100120,   10
  249,20100121,   10
  249,20100122,    2
  249,20100123,   -3
  249,20100124,  -19
  249,20100125,  -59
  249,20100126, -110
  249,20100127,  -16
  249,20100128,   30
  249,20100129,   20
  249,20100130,   -9
  249,20100131,   14
  249,20100201,    0
  249,20100202,   28
  249,20100203,   19
  249,20100204,   48
  249,20100205,   29
  249,20100206,   18
  249,20100207,    1
  249,20100208,  -42
  249,20100209,  -31
  249,20100210,  -23
  249,20100211,  -22
  249,20100212,  -28
  249,20100213,  -18
  249,20100214,  -23
  249,20100215,  -37
  249,20100216,  -11
  249,20100217,  -11
  249,20100218,   18
  249,20100219,   31
  249,20100220,   10
  249,20100221,    0
  249,20100222,   19
  249,20100223,    7
  249,20100224,   40
  249,20100225,   60
  249,20100226,   61
  249,20100227,   60
  249,20100228,   50
  249,20100301,   36
  249,20100302,   22
  249,20100303,   15
  249,20100304,    4
  249,20100305,   17
  249,20100306,    2
  249,20100307,  -18
  249,20100308,   10
  249,20100309,   -2
  249,20100310,    0
  249,20100311,   30
  249,20100312,   40
  249,20100313,   48
  249,20100314,   59
  249,20100315,   58
  249,20100316,   49
  249,20100317,   68
  249,20100318,  104
  249,20100319,  109
  249,20100320,  122
  249,20100321,   76
  249,20100322,   71
  249,20100323,   86
  249,20100324,  117
  249,20100325,  138
  249,20100326,   99
  249,20100327,   83
  249,20100328,   71
  249,20100329,   91
  249,20100330,   99
  249,20100331,   62
  249,20100401,   52
  249,20100402,   77
  249,20100403,   73
  249,20100404,   70
  249,20100405,   69
  249,20100406,  102
  249,20100407,  124
  249,20100408,   84
  249,20100409,   89
  249,20100410,   59
  249,20100411,   61
  249,20100412,   84
  249,20100413,   84
  249,20100414,   87
  249,20100415,   76
  249,20100416,   67
  249,20100417,   59
  249,20100418,   83
  249,20100419,   74
  249,20100420,   77
  249,20100421,   56
  249,20100422,   54
  249,20100423,   58
  249,20100424,  111
  249,20100425,  128
  249,20100426,  112
  249,20100427,  116
  249,20100428,  152
  249,20100429,  158
  249,20100430,  113
  249,20100501,   99
  249,20100502,   74
  249,20100503,   66
  249,20100504,   66
  249,20100505,   73
  249,20100506,   80
  249,20100507,   76
  249,20100508,   87
  249,20100509,   75
  249,20100510,   66
  249,20100511,   67
  249,20100512,   62
  249,20100513,   69
  249,20100514,   67
  249,20100515,   85
  249,20100516,  107
  249,20100517,  102
  249,20100518,   88
  249,20100519,  105
  249,20100520,  127
  249,20100521,  128
  249,20100522,  123
  249,20100523,  152
  249,20100524,  150
  249,20100525,  108
  249,20100526,   99
  249,20100527,   99
  249,20100528,  106
  249,20100529,  141
  249,20100530,  120
  249,20100531,  120
  249,20100601,  123
  249,20100602,  139
  249,20100603,  142
  249,20100604,  140
  249,20100605,  167
  249,20100606,  178
  249,20100607,  135
  249,20100608,  162
  249,20100609,  165
  249,20100610,  171
  249,20100611,  147
  249,20100612,  127
  249,20100613,  131
  249,20100614,  147
  249,20100615,  121
  249,20100616,  138
  249,20100617,  144
  249,20100618,  126
  249,20100619,  113
  249,20100620,  112
  249,20100621,  118
  249,20100622,  135
  249,20100623,  174
  249,20100624,  178
  249,20100625,  167
  249,20100626,  179
  249,20100627,  206
  249,20100628,  208
  249,20100629,  177
  249,20100630,  183
  249,20100701,  202
  249,20100702,  253
  249,20100703,  201
  249,20100704,  186
  249,20100705,  178
  249,20100706,  154
  249,20100707,  181
  249,20100708,  199
  249,20100709,  231
  249,20100710,  233
  249,20100711,  217
  249,20100712,  196
  249,20100713,  194
  249,20100714,  206
  249,20100715,  177
  249,20100716,  179
  249,20100717,  162
  249,20100718,  173
  249,20100719,  200
  249,20100720,  227
  249,20100721,  209
  249,20100722,  174
  249,20100723,  173
  249,20100724,  156
  249,20100725,  174
  249,20100726,  169
  249,20100727,  175
  249,20100728,  180
  249,20100729,  167
  249,20100730,  171
  249,20100731,  174
  249,20100801,  180
  249,20100802,  168
  249,20100803,  169
  249,20100804,  161
  249,20100805,  149
  249,20100806,  164
  249,20100807,  169
  249,20100808,  173
  249,20100809,  180
  249,20100810,  170
  249,20100811,  166
  249,20100812,  147
  249,20100813,  150
  249,20100814,  179
  249,20100815,  175
  249,20100816,  192
  249,20100817,  162
  249,20100818,  171
  249,20100819,  171
  249,20100820,  203
  249,20100821,  205
  249,20100822,  189
  249,20100823,  186
  249,20100824,  156
  249,20100825,  157
  249,20100826,  151
  249,20100827,  138
  249,20100828,  134
  249,20100829,  125
  249,20100830,  139
  249,20100831,  121
  249,20100901,  123
  249,20100902,  122
  249,20100903,  129
  249,20100904,  129
  249,20100905,  134
  249,20100906,  153
  249,20100907,  127
  249,20100908,  149
  249,20100909,  155
  249,20100910,  154
  249,20100911,  177
  249,20100912,  149
  249,20100913,  144
  249,20100914,  161
  249,20100915,  132
  249,20100916,  120
  249,20100917,  115
  249,20100918,  108
  249,20100919,  135
  249,20100920,  156
  249,20100921,  143
  249,20100922,  157
  249,20100923,  160
  249,20100924,  148
  249,20100925,  109
  249,20100926,   95
  249,20100927,  122
  249,20100928,  120
  249,20100929,   99
  249,20100930,  103
  249,20101001,  124
  249,20101002,  154
  249,20101003,  177
  249,20101004,  174
  249,20101005,  163
  249,20101006,  154
  249,20101007,  132
  249,20101008,  145
  249,20101009,  132
  249,20101010,  111
  249,20101011,   93
  249,20101012,   89
  249,20101013,   99
  249,20101014,  108
  249,20101015,  100
  249,20101016,   76
  249,20101017,   45
  249,20101018,   84
  249,20101019,   89
  249,20101020,   62
  249,20101021,   90
  249,20101022,  109
  249,20101023,   79
  249,20101024,   76
  249,20101025,   62
  249,20101026,   70
  249,20101027,   96
  249,20101028,  119
  249,20101029,  101
  249,20101030,  111
  249,20101031,   91
  249,20101101,   82
  249,20101102,  112
  249,20101103,  124
  249,20101104,  145
  249,20101105,  129
  249,20101106,   86
  249,20101107,   59
  249,20101108,   55
  249,20101109,   46
  249,20101110,   51
  249,20101111,   68
  249,20101112,  111
  249,20101113,   95
  249,20101114,  101
  249,20101115,   57
  249,20101116,   46
  249,20101117,   48
  249,20101118,   50
  249,20101119,   59
  249,20101120,   52
  249,20101121,   50
  249,20101122,   38
  249,20101123,   37
  249,20101124,   22
  249,20101125,   15
  249,20101126,   -1
  249,20101127,    7
  249,20101128,  -16
  249,20101129,  -17
  249,20101130,  -17
  249,20101201,  -57
  249,20101202,  -58
  249,20101203,  -37
  249,20101204,  -15
  249,20101205,   24
  249,20101206,   -9
  249,20101207,  -30
  249,20101208,  -22
  249,20101209,   30
  249,20101210,   40
  249,20101211,   73
  249,20101212,   26
  249,20101213,   -6
  249,20101214,  -26
  249,20101215,   14
  249,20101216,   15
  249,20101217,  -17
  249,20101218,  -32
  249,20101219,  -53
  249,20101220,  -62
  249,20101221,  -47
  249,20101222,  -23
  249,20101223,    0
  249,20101224,   -9
  249,20101225,  -19
  249,20101226,    8
  249,20101227,    3
  249,20101228,    0
  249,20101229,   -8
  249,20101230,   -4
  249,20101231,   37
  249,20110101,   36
  270,20100101,  -19
  270,20100102,  -34
  270,20100103,  -41
  270,20100104,  -11
  270,20100105,   -2
  270,20100106,  -31
  270,20100107,  -36
  270,20100108,  -75
  270,20100109,  -14
  270,20100110,   -1
  270,20100111,   -2
  270,20100112,  -26
  270,20100113,  -34
  270,20100114,   -4
  270,20100115,   10
  270,20100116,    4
  270,20100117,   14
  270,20100118,   26
  270,20100119,   19
  270,20100120,    4
  270,20100121,   -4
  270,20100122,  -17
  270,20100123,  -21
  270,20100124,  -33
  270,20100125,  -62
  270,20100126,  -92
  270,20100127,  -11
  270,20100128,   18
  270,20100129,    2
  270,20100130,   -7
  270,20100131,   14
  270,20100201,   -3
  270,20100202,   19
  270,20100203,   16
  270,20100204,   34
  270,20100205,   33
  270,20100206,   15
  270,20100207,  -11
  270,20100208,  -55
  270,20100209,  -37
  270,20100210,  -23
  270,20100211,  -25
  270,20100212,  -29
  270,20100213,  -17
  270,20100214,  -22
  270,20100215,  -46
  270,20100216,  -11
  270,20100217,  -15
  270,20100218,   12
  270,20100219,   27
  270,20100220,   10
  270,20100221,   -4
  270,20100222,   18
  270,20100223,    8
  270,20100224,   30
  270,20100225,   61
  270,20100226,   63
  270,20100227,   54
  270,20100228,   48
  270,20100301,   35
  270,20100302,   31
  270,20100303,   21
  270,20100304,    9
  270,20100305,   20
  270,20100306,   -6
  270,20100307,  -13
  270,20100308,   13
  270,20100309,    0
  270,20100310,    4
  270,20100311,   28
  270,20100312,   40
  270,20100313,   48
  270,20100314,   50
  270,20100315,   46
  270,20100316,   39
  270,20100317,   65
  270,20100318,   92
  270,20100319,  104
  270,20100320,  115
  270,20100321,   70
  270,20100322,   70
  270,20100323,   82
  270,20100324,  126
  270,20100325,  144
  270,20100326,   96
  270,20100327,   76
  270,20100328,   69
  270,20100329,   84
  270,20100330,  101
  270,20100331,   66
  270,20100401,   47
  270,20100402,   82
  270,20100403,   74
  270,20100404,   69
  270,20100405,   75
  270,20100406,  103
  270,20100407,  120
  270,20100408,   84
  270,20100409,   86
  270,20100410,   53
  270,20100411,   59
  270,20100412,   79
  270,20100413,   75
  270,20100414,   76
  270,20100415,   75
  270,20100416,   62
  270,20100417,   65
  270,20100418,   78
  270,20100419,   62
  270,20100420,   69
  270,20100421,   60
  270,20100422,   44
  270,20100423,   68
  270,20100424,  102
  270,20100425,  141
  270,20100426,  110
  270,20100427,  110
  270,20100428,  146
  270,20100429,  157
  270,20100430,  113
  270,20100501,  100
  270,20100502,   71
  270,20100503,   67
  270,20100504,   70
  270,20100505,   77
  270,20100506,   76
  270,20100507,   71
  270,20100508,   78
  270,20100509,   78
  270,20100510,   66
  270,20100511,   69
  270,20100512,   63
  270,20100513,   76
  270,20100514,   76
  270,20100515,   91
  270,20100516,  105
  270,20100517,   92
  270,20100518,   94
  270,20100519,  106
  270,20100520,  126
  270,20100521,  119
  270,20100522,  105
  270,20100523,  146
  270,20100524,  137
  270,20100525,   99
  270,20100526,   88
  270,20100527,  103
  270,20100528,  100
  270,20100529,  137
  270,20100530,  123
  270,20100531,  120
  270,20100601,  128
  270,20100602,  135
  270,20100603,  133
  270,20100604,  126
  270,20100605,  143
  270,20100606,  172
  270,20100607,  138
  270,20100608,  165
  270,20100609,  167
  270,20100610,  180
  270,20100611,  156
  270,20100612,  132
  270,20100613,  134
  270,20100614,  137
  270,20100615,  119
  270,20100616,  127
  270,20100617,  136
  270,20100618,  127
  270,20100619,  113
  270,20100620,  114
  270,20100621,  111
  270,20100622,  131
  270,20100623,  173
  270,20100624,  177
  270,20100625,  166
  270,20100626,  163
  270,20100627,  197
  270,20100628,  197
  270,20100629,  176
  270,20100630,  179
  270,20100701,  200
  270,20100702,  244
  270,20100703,  205
  270,20100704,  188
  270,20100705,  177
  270,20100706,  155
  270,20100707,  183
  270,20100708,  200
  270,20100709,  232
  270,20100710,  236
  270,20100711,  216
  270,20100712,  199
  270,20100713,  195
  270,20100714,  216
  270,20100715,  183
  270,20100716,  185
  270,20100717,  167
  270,20100718,  173
  270,20100719,  203
  270,20100720,  238
  270,20100721,  214
  270,20100722,  185
  270,20100723,  173
  270,20100724,  145
  270,20100725,  165
  270,20100726,  168
  270,20100727,  181
  270,20100728,  173
  270,20100729,  163
  270,20100730,  166
  270,20100731,  173
  270,20100801,  183
  270,20100802,  165
  270,20100803,  163
  270,20100804,  159
  270,20100805,  152
  270,20100806,  165
  270,20100807,  169
  270,20100808,  170
  270,20100809,  173
  270,20100810,  174
  270,20100811,  166
  270,20100812,  151
  270,20100813,  152
  270,20100814,  171
  270,20100815,  177
  270,20100816,  188
  270,20100817,  165
  270,20100818,  165
  270,20100819,  168
  270,20100820,  195
  270,20100821,  198
  270,20100822,  183
  270,20100823,  179
  270,20100824,  156
  270,20100825,  152
  270,20100826,  137
  270,20100827,  141
  270,20100828,  135
  270,20100829,  118
  270,20100830,  142
  270,20100831,  126
  270,20100901,  136
  270,20100902,  140
  270,20100903,  134
  270,20100904,  137
  270,20100905,  130
  270,20100906,  144
  270,20100907,  127
  270,20100908,  148
  270,20100909,  148
  270,20100910,  154
  270,20100911,  175
  270,20100912,  155
  270,20100913,  151
  270,20100914,  160
  270,20100915,  133
  270,20100916,  126
  270,20100917,  115
  270,20100918,  113
  270,20100919,  126
  270,20100920,  149
  270,20100921,  144
  270,20100922,  161
  270,20100923,  162
  270,20100924,  146
  270,20100925,  113
  270,20100926,  102
  270,20100927,  128
  270,20100928,  111
  270,20100929,   95
  270,20100930,   98
  270,20101001,  120
  270,20101002,  144
  270,20101003,  182
  270,20101004,  177
  270,20101005,  158
  270,20101006,  155
  270,20101007,  136
  270,20101008,  146
  270,20101009,  117
  270,20101010,   99
  270,20101011,   90
  270,20101012,   96
  270,20101013,  106
  270,20101014,  112
  270,20101015,  102
  270,20101016,   78
  270,20101017,   51
  270,20101018,   82
  270,20101019,   88
  270,20101020,   70
  270,20101021,   85
  270,20101022,  107
  270,20101023,   81
  270,20101024,   83
  270,20101025,   80
  270,20101026,   71
  270,20101027,   92
  270,20101028,  113
  270,20101029,  100
  270,20101030,  108
  270,20101031,   90
  270,20101101,   85
  270,20101102,  100
  270,20101103,  118
  270,20101104,  140
  270,20101105,  123
  270,20101106,   81
  270,20101107,   50
  270,20101108,   37
  270,20101109,   45
  270,20101110,   53
  270,20101111,   63
  270,20101112,  107
  270,20101113,   82
  270,20101114,   98
  270,20101115,   63
  270,20101116,   50
  270,20101117,   46
  270,20101118,   47
  270,20101119,   33
  270,20101120,   49
  270,20101121,   57
  270,20101122,   47
  270,20101123,   47
  270,20101124,   22
  270,20101125,    9
  270,20101126,  -17
  270,20101127,  -20
  270,20101128,  -33
  270,20101129,  -13
  270,20101130,  -21
  270,20101201,  -55
  270,20101202,  -39
  270,20101203,  -43
  270,20101204,  -17
  270,20101205,    9
  270,20101206,  -25
  270,20101207,  -48
  270,20101208,  -30
  270,20101209,   18
  270,20101210,   25
  270,20101211,   61
  270,20101212,   21
  270,20101213,   -5
  270,20101214,  -12
  270,20101215,   15
  270,20101216,   10
  270,20101217,  -18
  270,20101218,  -42
  270,20101219,  -58
  270,20101220,  -43
  270,20101221,  -74
  270,20101222,  -34
  270,20101223,    1
  270,20101224,  -12
  270,20101225,  -20
  270,20101226,   -7
  270,20101227,    1
  270,20101228,   -8
  270,20101229,  -40
  270,20101230,  -14
  270,20101231,   30
  270,20110101,   32
  344,20100101,  -14
  344,20100102,    4
  344,20100103,  -31
  344,20100104,  -11
  344,20100105,    3
  344,20100106,  -21
  344,20100107,  -38
  344,20100108,  -48
  344,20100109,  -17
  344,20100110,   -5
  344,20100111,   -3
  344,20100112,  -12
  344,20100113,  -22
  344,20100114,   10
  344,20100115,   16
  344,20100116,   19
  344,20100117,   50
  344,20100118,   40
  344,20100119,   46
  344,20100120,   28
  344,20100121,   30
  344,20100122,   45
  344,20100123,   26
  344,20100124,    4
  344,20100125,  -17
  344,20100126,  -62
  344,20100127,   -5
  344,20100128,   37
  344,20100129,   29
  344,20100130,    8
  344,20100131,   12
  344,20100201,    9
  344,20100202,   34
  344,20100203,   28
  344,20100204,   67
  344,20100205,   48
  344,20100206,   19
  344,20100207,   13
  344,20100208,  -23
  344,20100209,  -29
  344,20100210,  -22
  344,20100211,  -19
  344,20100212,  -23
  344,20100213,  -14
  344,20100214,  -24
  344,20100215,  -29
  344,20100216,    2
  344,20100217,   -5
  344,20100218,   32
  344,20100219,   34
  344,20100220,   14
  344,20100221,   14
  344,20100222,   42
  344,20100223,   25
  344,20100224,   69
  344,20100225,   82
  344,20100226,   73
  344,20100227,   69
  344,20100228,   59
  344,20100301,   40
  344,20100302,   26
  344,20100303,   21
  344,20100304,   21
  344,20100305,   26
  344,20100306,   11
  344,20100307,  -10
  344,20100308,    5
  344,20100309,    6
  344,20100310,    9
  344,20100311,   27
  344,20100312,   43
  344,20100313,   54
  344,20100314,   62
  344,20100315,   65
  344,20100316,   63
  344,20100317,   78
  344,20100318,  115
  344,20100319,  124
  344,20100320,  133
  344,20100321,   77
  344,20100322,   81
  344,20100323,   96
  344,20100324,  138
  344,20100325,  147
  344,20100326,  106
  344,20100327,   95
  344,20100328,   88
  344,20100329,  103
  344,20100330,   99
  344,20100331,   61
  344,20100401,   56
  344,20100402,   79
  344,20100403,   76
  344,20100404,   71
  344,20100405,   73
  344,20100406,  117
  344,20100407,  127
  344,20100408,   84
  344,20100409,   90
  344,20100410,   75
  344,20100411,   68
  344,20100412,   92
  344,20100413,   90
  344,20100414,   96
  344,20100415,   87
  344,20100416,   74
  344,20100417,   69
  344,20100418,   88
  344,20100419,   88
  344,20100420,   86
  344,20100421,   65
  344,20100422,   60
  344,20100423,   74
  344,20100424,  121
  344,20100425,  130
  344,20100426,  116
  344,20100427,  132
  344,20100428,  169
  344,20100429,  172
  344,20100430,  116
  344,20100501,  106
  344,20100502,   75
  344,20100503,   66
  344,20100504,   71
  344,20100505,   76
  344,20100506,   89
  344,20100507,   77
  344,20100508,   90
  344,20100509,   89
  344,20100510,   70
  344,20100511,   71
  344,20100512,   67
  344,20100513,   71
  344,20100514,   78
  344,20100515,   90
  344,20100516,  113
  344,20100517,  110
  344,20100518,   95
  344,20100519,  102
  344,20100520,  133
  344,20100521,  130
  344,20100522,  131
  344,20100523,  167
  344,20100524,  163
  344,20100525,  136
  344,20100526,  105
  344,20100527,  108
  344,20100528,  112
  344,20100529,  148
  344,20100530,  121
  344,20100531,  119
  344,20100601,  117
  344,20100602,  146
  344,20100603,  158
  344,20100604,  167
  344,20100605,  197
  344,20100606,  180
  344,20100607,  151
  344,20100608,  169
  344,20100609,  174
  344,20100610,  182
  344,20100611,  153
  344,20100612,  131
  344,20100613,  133
  344,20100614,  162
  344,20100615,  135
  344,20100616,  154
  344,20100617,  166
  344,20100618,  129
  344,20100619,  116
  344,20100620,  115
  344,20100621,  133
  344,20100622,  147
  344,20100623,  184
  344,20100624,  189
  344,20100625,  186
  344,20100626,  190
  344,20100627,  213
  344,20100628,  207
  344,20100629,  191
  344,20100630,  205
  344,20100701,  217
  344,20100702,  258
  344,20100703,  200
  344,20100704,  190
  344,20100705,  184
  344,20100706,  163
  344,20100707,  195
  344,20100708,  214
  344,20100709,  244
  344,20100710,  237
  344,20100711,  223
  344,20100712,  197
  344,20100713,  203
  344,20100714,  209
  344,20100715,  187
  344,20100716,  190
  344,20100717,  172
  344,20100718,  181
  344,20100719,  207
  344,20100720,  242
  344,20100721,  217
  344,20100722,  179
  344,20100723,  166
  344,20100724,  166
  344,20100725,  170
  344,20100726,  164
  344,20100727,  177
  344,20100728,  181
  344,20100729,  166
  344,20100730,  178
  344,20100731,  188
  344,20100801,  180
  344,20100802,  172
  344,20100803,  178
  344,20100804,  170
  344,20100805,  157
  344,20100806,  176
  344,20100807,  179
  344,20100808,  171
  344,20100809,  182
  344,20100810,  180
  344,20100811,  174
  344,20100812,  151
  344,20100813,  150
  344,20100814,  177
  344,20100815,  175
  344,20100816,  193
  344,20100817,  163
  344,20100818,  170
  344,20100819,  174
  344,20100820,  209
  344,20100821,  210
  344,20100822,  194
  344,20100823,  190
  344,20100824,  169
  344,20100825,  162
  344,20100826,  181
  344,20100827,  150
  344,20100828,  135
  344,20100829,  138
  344,20100830,  147
  344,20100831,  131
  344,20100901,  130
  344,20100902,  132
  344,20100903,  135
  344,20100904,  133
  344,20100905,  137
  344,20100906,  157
  344,20100907,  131
  344,20100908,  146
  344,20100909,  161
  344,20100910,  163
  344,20100911,  182
  344,20100912,  153
  344,20100913,  152
  344,20100914,  164
  344,20100915,  141
  344,20100916,  123
  344,20100917,  115
  344,20100918,  116
  344,20100919,  141
  344,20100920,  159
  344,20100921,  155
  344,20100922,  162
  344,20100923,  167
  344,20100924,  147
  344,20100925,  112
  344,20100926,   96
  344,20100927,  102
  344,20100928,  135
  344,20100929,  114
  344,20100930,  117
  344,20101001,  132
  344,20101002,  160
  344,20101003,  192
  344,20101004,  183
  344,20101005,  167
  344,20101006,  160
  344,20101007,  140
  344,20101008,  142
  344,20101009,  140
  344,20101010,  119
  344,20101011,  101
  344,20101012,   97
  344,20101013,  106
  344,20101014,  100
  344,20101015,  105
  344,20101016,   79
  344,20101017,   51
  344,20101018,   88
  344,20101019,   93
  344,20101020,   67
  344,20101021,   85
  344,20101022,   98
  344,20101023,   79
  344,20101024,   81
  344,20101025,   62
  344,20101026,   75
  344,20101027,   95
  344,20101028,  117
  344,20101029,  113
  344,20101030,  118
  344,20101031,   92
  344,20101101,   85
  344,20101102,  113
  344,20101103,  133
  344,20101104,  149
  344,20101105,  141
  344,20101106,   99
  344,20101107,   59
  344,20101108,   56
  344,20101109,   51
  344,20101110,   58
  344,20101111,   75
  344,20101112,  114
  344,20101113,  105
  344,20101114,  112
  344,20101115,   64
  344,20101116,   44
  344,20101117,   46
  344,20101118,   57
  344,20101119,   72
  344,20101120,   60
  344,20101121,   49
  344,20101122,   38
  344,20101123,   36
  344,20101124,   31
  344,20101125,   26
  344,20101126,   10
  344,20101127,   10
  344,20101128,  -24
  344,20101129,  -23
  344,20101130,  -14
  344,20101201,  -57
  344,20101202,  -67
  344,20101203,  -51
  344,20101204,  -13
  344,20101205,   28
  344,20101206,    3
  344,20101207,  -24
  344,20101208,  -11
  344,20101209,   40
  344,20101210,   50
  344,20101211,   71
  344,20101212,   37
  344,20101213,  -12
  344,20101214,  -26
  344,20101215,   18
  344,20101216,   21
  344,20101217,  -12
  344,20101218,  -29
  344,20101219,  -41
  344,20101220,  -51
  344,20101221,  -32
  344,20101222,  -16
  344,20101223,   -1
  344,20101224,   -5
  344,20101225,  -14
  344,20101226,   11
  344,20101227,    0
  344,20101228,   14
  344,20101229,   14
  344,20101230,    7
  344,20101231,   35
  344,20110101,   39
  380,20100101,  -20
  380,20100102,  -21
  380,20100103,  -39
  380,20100104,  -54
  380,20100105,  -23
  380,20100106,  -47
  380,20100107,  -61
  380,20100108,  -51
  380,20100109,  -25
  380,20100110,  -22
  380,20100111,  -16
  380,20100112,  -17
  380,20100113,  -10
  380,20100114,    4
  380,20100115,    0
  380,20100116,   17
  380,20100117,   47
  380,20100118,   37
  380,20100119,   36
  380,20100120,   24
  380,20100121,   27
  380,20100122,   36
  380,20100123,   23
  380,20100124,    8
  380,20100125,   -8
  380,20100126,  -55
  380,20100127,  -34
  380,20100128,   17
  380,20100129,   10
  380,20100130,   -8
  380,20100131,    3
  380,20100201,    2
  380,20100202,   15
  380,20100203,   21
  380,20100204,   56
  380,20100205,   51
  380,20100206,   45
  380,20100207,   15
  380,20100208,  -10
  380,20100209,  -44
  380,20100210,  -53
  380,20100211,  -36
  380,20100212,  -44
  380,20100213,  -32
  380,20100214,  -31
  380,20100215,  -37
  380,20100216,  -16
  380,20100217,   -1
  380,20100218,   46
  380,20100219,   35
  380,20100220,   15
  380,20100221,   26
  380,20100222,   77
  380,20100223,   42
  380,20100224,   85
  380,20100225,   92
  380,20100226,   78
  380,20100227,   81
  380,20100228,   66
  380,20100301,   37
  380,20100302,   24
  380,20100303,   17
  380,20100304,   13
  380,20100305,    3
  380,20100306,    0
  380,20100307,  -16
  380,20100308,  -20
  380,20100309,  -11
  380,20100310,    8
  380,20100311,  -12
  380,20100312,   22
  380,20100313,   43
  380,20100314,   49
  380,20100315,   65
  380,20100316,   56
  380,20100317,   83
  380,20100318,  123
  380,20100319,  138
  380,20100320,  138
  380,20100321,   90
  380,20100322,   89
  380,20100323,   99
  380,20100324,  144
  380,20100325,  151
  380,20100326,   99
  380,20100327,   96
  380,20100328,   94
  380,20100329,  115
  380,20100330,   96
  380,20100331,   63
  380,20100401,   48
  380,20100402,   74
  380,20100403,   83
  380,20100404,   76
  380,20100405,   68
  380,20100406,  113
  380,20100407,  133
  380,20100408,   88
  380,20100409,   88
  380,20100410,   78
  380,20100411,   52
  380,20100412,   77
  380,20100413,  102
  380,20100414,   81
  380,20100415,   93
  380,20100416,   66
  380,20100417,   85
  380,20100418,  123
  380,20100419,   70
  380,20100420,   82
  380,20100421,   60
  380,20100422,   56
  380,20100423,   84
  380,20100424,  125
  380,20100425,  154
  380,20100426,  122
  380,20100427,  128
  380,20100428,  167
  380,20100429,  205
  380,20100430,  134
  380,20100501,  120
  380,20100502,   98
  380,20100503,   67
  380,20100504,   75
  380,20100505,   74
  380,20100506,   73
  380,20100507,   63
  380,20100508,   89
  380,20100509,  103
  380,20100510,   90
  380,20100511,   60
  380,20100512,   58
  380,20100513,   66
  380,20100514,   79
  380,20100515,   99
  380,20100516,  113
  380,20100517,  104
  380,20100518,   98
  380,20100519,  115
  380,20100520,  139
  380,20100521,  150
  380,20100522,  152
  380,20100523,  168
  380,20100524,  195
  380,20100525,  161
  380,20100526,   95
  380,20100527,  124
  380,20100528,  135
  380,20100529,  149
  380,20100530,  121
  380,20100531,  118
  380,20100601,  128
  380,20100602,  157
  380,20100603,  170
  380,20100604,  181
  380,20100605,  206
  380,20100606,  195
  380,20100607,  164
  380,20100608,  182
  380,20100609,  175
  380,20100610,  200
  380,20100611,  193
  380,20100612,  141
  380,20100613,  131
  380,20100614,  178
  380,20100615,  148
  380,20100616,  161
  380,20100617,  172
  380,20100618,  131
  380,20100619,  115
  380,20100620,  117
  380,20100621,  136
  380,20100622,  154
  380,20100623,  186
  380,20100624,  207
  380,20100625,  197
  380,20100626,  203
  380,20100627,  225
  380,20100628,  233
  380,20100629,  210
  380,20100630,  219
  380,20100701,  253
  380,20100702,  282
  380,20100703,  232
  380,20100704,  209
  380,20100705,  178
  380,20100706,  174
  380,20100707,  206
  380,20100708,  251
  380,20100709,  269
  380,20100710,  276
  380,20100711,  260
  380,20100712,  219
  380,20100713,  223
  380,20100714,  225
  380,20100715,  197
  380,20100716,  219
  380,20100717,  174
  380,20100718,  176
  380,20100719,  216
  380,20100720,  251
  380,20100721,  223
  380,20100722,  196
  380,20100723,  173
  380,20100724,  164
  380,20100725,  166
  380,20100726,  165
  380,20100727,  175
  380,20100728,  189
  380,20100729,  154
  380,20100730,  183
  380,20100731,  203
  380,20100801,  192
  380,20100802,  170
  380,20100803,  169
  380,20100804,  166
  380,20100805,  156
  380,20100806,  169
  380,20100807,  193
  380,20100808,  172
  380,20100809,  177
  380,20100810,  194
  380,20100811,  183
  380,20100812,  165
  380,20100813,  155
  380,20100814,  173
  380,20100815,  158
  380,20100816,  171
  380,20100817,  151
  380,20100818,  160
  380,20100819,  167
  380,20100820,  215
  380,20100821,  221
  380,20100822,  206
  380,20100823,  202
  380,20100824,  163
  380,20100825,  162
  380,20100826,  194
  380,20100827,  160
  380,20100828,  132
  380,20100829,  127
  380,20100830,  129
  380,20100831,  134
  380,20100901,  133
  380,20100902,  133
  380,20100903,  137
  380,20100904,  131
  380,20100905,  137
  380,20100906,  151
  380,20100907,  139
  380,20100908,  164
  380,20100909,  148
  380,20100910,  154
  380,20100911,  183
  380,20100912,  140
  380,20100913,  143
  380,20100914,  166
  380,20100915,  140
  380,20100916,  131
  380,20100917,  111
  380,20100918,  106
  380,20100919,  117
  380,20100920,  145
  380,20100921,  148
  380,20100922,  168
  380,20100923,  174
  380,20100924,  145
  380,20100925,  108
  380,20100926,  104
  380,20100927,   93
  380,20100928,  114
  380,20100929,  115
  380,20100930,  124
  380,20101001,  121
  380,20101002,  154
  380,20101003,  192
  380,20101004,  180
  380,20101005,  170
  380,20101006,  167
  380,20101007,  159
  380,20101008,  144
  380,20101009,  137
  380,20101010,  116
  380,20101011,   89
  380,20101012,   60
  380,20101013,   60
  380,20101014,   63
  380,20101015,  100
  380,20101016,   74
  380,20101017,   56
  380,20101018,   78
  380,20101019,   83
  380,20101020,   57
  380,20101021,   50
  380,20101022,   60
  380,20101023,   60
  380,20101024,   62
  380,20101025,   40
  380,20101026,   57
  380,20101027,   87
  380,20101028,   93
  380,20101029,  116
  380,20101030,  109
  380,20101031,  104
  380,20101101,   78
  380,20101102,  102
  380,20101103,  131
  380,20101104,  150
  380,20101105,  131
  380,20101106,   98
  380,20101107,   62
  380,20101108,   56
  380,20101109,   69
  380,20101110,   56
  380,20101111,   61
  380,20101112,  110
  380,20101113,  120
  380,20101114,  124
  380,20101115,   63
  380,20101116,   28
  380,20101117,   43
  380,20101118,   55
  380,20101119,   71
  380,20101120,   52
  380,20101121,   40
  380,20101122,   38
  380,20101123,   38
  380,20101124,   37
  380,20101125,   15
  380,20101126,    1
  380,20101127,   -7
  380,20101128,  -27
  380,20101129,  -23
  380,20101130,  -22
  380,20101201,  -62
  380,20101202,  -66
  380,20101203,  -59
  380,20101204,  -19
  380,20101205,    8
  380,20101206,  -21
  380,20101207,  -25
  380,20101208,  -15
  380,20101209,   11
  380,20101210,   30
  380,20101211,   52
  380,20101212,   26
  380,20101213,  -34
  380,20101214,  -25
  380,20101215,  -21
  380,20101216,   -9
  380,20101217,  -32
  380,20101218,  -43
  380,20101219,  -13
  380,20101220,  -52
  380,20101221,   -1
  380,20101222,   -3
  380,20101223,  -22
  380,20101224,  -27
  380,20101225,  -55
  380,20101226,   -8
  380,20101227,   -7
  380,20101228,    8
  380,20101229,   15
  380,20101230,   -5
  380,20101231,   -5
  380,20110101,   14
